100
30
68
71.94
61.08
87.54
28.55
93.48
49.56
61.39
56.26
36.86
75.11
64.57
48.93
40.22
87.33
6.25
88.17
87.62
4.33
10.23
15.06
10.43
95.96
65.8
92.92
40.19
33.48
55.18
57.75
94.85
78.67
27.06
90.26
89.13
88.64
40.23
43.4
57.26
1.35
25.99
65.3
10.35
96.94
54.56
58.77
94.36
3.69
97.2
94.73
23.56
23.5
11.52
3.67
95.85
48.72
29.83
36.26
37.95
2.94
22.03
96.6
75.62
31.73
56.42
65.66
4.29
18.33
19.86
88.18
76.34
15.23
41.72
79.98
13.8
95.35
64.22
35.35
3.81
80.5
92.36
58.16
60.47
74.32
9.76
72.19
86.4
23.5
69.56
35.02
53.97
95.94
63.8
11.45
65.19
81.39
90.96
22.09
33.34
24.66
12.24
48.81
71.96
17.47
92.88
9.83
87.49
18.72
36.14
32.15
26.76
6.78
25.06
48.4
65.02
74.03
23.8
13.87
8.45
6.66
77.13
39.46
68.58
77.55
26.74
69.43
20.01
2.66
80.09
69.96
27.59
65.39
11.24
56.1
95.91
61.54
35.59
46.83
73.79
77.29
80.04
40.52
86.05
44.25
46.87
30.27
68.68
76.45
27.87
30.06
59.45
24.22
50.19
77.3
50.34
20.32
6.0
84.1
17.34
31.54
59.67
18.15
77.77
57.05
91.11
67.36
79.27
29.63
91.4
13.57
48.75
18.12
75.9
57.13
71.43
50.8
13.26
6.16
24.44
93.57
4.94
15.25
71.15
8.63
33.84
35.11
81.6
20.59
90.74
52.71
46.5
49.77
34.73
98.83
61.56
52.76
73.14
18.8
90.3
28.98
73.14
57.62
58.07
39.3
35.53
16.53
59.5
97.62
73.67
71.32
4.01
33.92
67.27
6.5
83.89
92.78
5.62
26.12
63.69
72.74
18.26
77.28
18.19
31.61
36.86
69.78
91.75
21.14
37.68
9.35
58.07
40.23
94.9
61.81
58.91
4.34
23.86
40.14
54.38
95.4
96.56
44.47
6.11
88.13
15.95
25.24
97.04
68.43
59.68
13.16
7.03
26.85
95.17
55.62
55.22
36.4
95.17
39.27
17.98
26.53
90.35
3.26
38.6
66.28
29.33
20.94
28.84
63.97
58.91
40.65
63.18
17.02
90.28
39.23
1.54
97.21
43.84
87.59
66.13
66.1
25.52
65.84
27.52
22.83
82.45
71.41
85.76
59.14
68.01
9.27
2.62
61.3
63.3
89.25
20.92
64.37
17.83
59.02
78.81
60.13
58.03
28.5
23.71
20.51
73.26
35.93
95.82
65.73
89.56
69.22
3.86
46.91
48.2
14.15
51.2
46.61
76.84
23.28
96.26
55.97
91.04
73.08
33.78
75.6
46.06
98.36
85.5
97.01
49.3
19.5
49.75
67.08
40.59
27.83
30.93
35.35
36.76
36.48
68.71
78.47
62.51
56.23
18.75
94.57
84.04
93.13
33.7
44.57
61.83
33.58
97.13
48.78
76.23
88.13
69.62
21.92
31.14
98.11
70.64
37.75
4.18
94.86
62.63
62.17
24.31
37.75
66.79
94.61
38.27
9.04
62.87
92.0
86.11
54.97
64.49
79.51
58.66
47.63
27.42
86.25
54.24
60.05
8.3
71.07
88.94
68.16
57.94
89.4
7.54
16.43
56.59
7.51
48.04
25.73
26.63
46.54
39.54
18.72
14.49
78.96
64.53
36.99
87.08
19.95
96.29
70.11
90.36
97.62
60.0
32.63
60.01
20.48
2.22
9.42
64.41
49.85
29.44
1.3
34.2
18.76
98.35
59.93
83.93
72.42
83.97
35.2
57.9
35.73
49.84
36.35
72.06
5.83
5.21
86.7
48.16
2.27
94.44
58.77
88.06
60.58
50.14
34.62
84.97
41.75
28.54
45.47
98.08
90.15
40.09
35.52
43.73
86.23
39.06
41.27
98.96
74.08
76.55
21.37
21.27
98.2
20.99
92.87
26.82
83.28
23.2
83.22
67.55
47.71
97.76
51.84
42.18
28.92
34.51
15.37
16.67
76.91
28.18
68.77
38.35
36.55
57.59
66.11
42.77
67.64
13.25
6.96
1.55
34.59
11.76
2.84
37.57
41.26
77.0
63.78
50.17
61.46
21.22
60.12
73.43
6.84
19.24
57.36
7.84
35.39
3.67
60.73
71.42
27.99
45.92
49.65
26.32
73.09
77.14
68.52
54.78
60.3
2.55
58.47
47.86
23.81
38.31
55.45
54.62
29.55
4.69
74.52
85.68
71.0
46.95
7.86
29.22
61.23
31.13
79.07
69.84
67.76
39.0
56.06
77.53
12.48
51.81
16.39
42.57
17.15
44.32
62.14
29.2
41.71
48.62
16.2
65.4
32.99
85.95
19.64
48.49
36.27
62.59
25.97
91.28
76.46
7.99
3.25
39.1
5.5
16.61
45.33
47.44
55.16
47.8
62.46
13.74
25.27
22.12
90.07
68.73
39.95
52.64
71.29
12.91
98.42
59.71
98.88
79.26
94.73
52.28
14.27
29.42
30.0
16.21
23.78
55.18
75.96
34.32
3.64
42.72
31.0
80.33
63.46
6.2
21.29
59.01
4.58
69.13
37.42
65.51
41.24
28.82
45.76
20.93
7.32
9.36
96.69
46.5
81.06
1.67
22.21
1.93
27.66
58.41
76.92
52.77
74.64
65.45
21.84
87.77
69.53
84.72
28.38
86.57
75.04
9.36
23.6
61.67
67.16
30.68
80.54
91.83
80.28
38.17
65.84
2.12
94.5
20.24
7.16
32.37
13.67
38.1
52.83
58.06
29.7
63.48
50.0
95.75
98.11
3.65
13.41
18.91
11.58
35.22
6.48
40.33
33.37
31.57
96.42
23.31
27.29
2.98
1.28
79.44
38.97
89.1
22.16
11.97
39.93
21.3
57.61
80.76
1.81
54.33
30.75
63.03
79.7
16.38
87.01
11.08
86.92
73.69
40.18
26.12
12.21
33.58
87.94
93.78
20.87
7.13
64.76
28.34
3.23
39.04
55.61
11.41
64.11
30.24
87.45
82.31
66.9
59.18
66.19
85.13
69.83
25.41
96.09
2.93
42.52
89.54
78.77
97.27
93.28
27.6
80.39
38.91
90.61
2.52
72.41
43.47
1.32
38.29
19.12
16.52
28.99
68.24
87.97
62.86
7.82
5.24
37.22
67.66
46.68
73.03
64.96
64.32
10.5
37.24
68.36
44.48
36.41
82.26
40.33
87.12
33.39
18.64
72.18
44.53
70.82
25.48
83.09
65.59
27.44
50.26
66.88
64.68
24.23
87.13
96.3
37.38
21.74
27.7
22.86
25.07
41.78
19.29
78.07
58.24
73.75
19.9
44.92
1.75
33.84
16.0
72.4
32.23
23.68
42.97
42.72
71.25
38.15
52.27
2.48
89.95
92.58
38.64
91.15
95.17
62.99
77.16
20.71
97.04
43.12
70.95
78.29
13.52
86.1
36.27
38.25
98.19
17.46
40.16
5.15
38.54
73.1
2.26
58.86
76.48
46.89
32.28
91.37
93.21
48.14
6.02
85.56
35.12
23.93
84.25
76.22
97.71
97.64
29.63
55.74
14.06
97.57
92.48
44.26
38.12
36.52
49.83
34.27
18.23
35.41
56.82
41.4
16.35
22.76
79.82
74.67
79.14
69.59
32.86
59.39
72.24
83.48
92.93
71.27
14.47
33.49
7.73
35.83
52.65
88.22
4.69
28.42
45.97
69.89
1.86
65.82
61.31
18.63
73.88
58.52
7.38
93.15
31.68
97.09
24.9
89.39
86.35
8.35
56.1
47.82
1.64
89.83
41.52
44.29
69.11
6.74
15.39
50.97
29.36
50.51
56.54
67.94
63.28
42.51
8.69
54.08
86.64
5.67
72.01
14.28
15.87
27.43
98.28
74.31
53.63
95.87
92.28
26.75
98.14
92.93
65.86
39.56
30.04
68.45
90.83
66.32
74.58
20.48
78.88
72.3
20.54
72.04
88.38
74.25
78.84
11.98
27.6
97.37
48.69
57.21
86.14
74.54
67.16
50.5
83.86
17.48
18.8
90.23
83.57
77.51
48.03
79.64
33.62
10.57
53.69
75.79
16.34
73.5
84.13
70.9
69.76
49.21
4.76
95.73
80.08
11.31
36.22
38.58
66.93
26.21
65.37
9.21
71.28
56.26
32.73
24.43
47.05
97.94
18.18
16.03
20.42
79.93
11.6
38.51
48.45
2.41
11.71
98.47
46.29
91.02
39.19
96.47
14.67
98.0
2.2
79.19
76.43
24.45
94.13
69.62
60.85
44.02
1.41
26.8
44.65
38.04
73.22
34.17
14.24
64.7
77.52
67.13
24.62
2.41
67.96
74.46
98.52
55.72
21.92
34.28
51.12
11.73
21.05
87.62
11.2
63.17
1.12
29.4
47.98
60.73
83.45
77.99
98.53
37.75
37.33
34.2
36.71
83.52
89.84
89.43
33.79
91.01
26.78
51.95
52.77
52.12
28.67
34.02
9.58
64.53
27.27
22.06
73.13
86.37
42.66
32.45
71.69
42.53
97.88
58.93
43.02
34.11
75.45
15.53
15.69
74.25
1.06
2.57
29.73
25.33
35.98
69.49
83.54
97.68
4.44
34.56
87.07
6.37
76.23
10.06
66.71
19.49
63.83
82.19
44.99
20.43
61.72
55.37
79.86
85.62
3.1
86.55
77.29
12.28
46.99
98.16
26.98
40.09
41.69
17.4
98.82
59.53
32.18
10.09
74.14
22.94
37.62
51.73
34.26
39.74
12.5
58.51
53.12
85.57
95.59
16.91
76.18
60.1
29.22
41.87
89.65
7.18
17.59
21.23
8.38
10.84
85.05
39.13
6.46
45.95
59.53
61.04
56.64
40.76
70.82
86.44
79.55
24.32
56.53
40.88
38.26
66.51
85.85
95.27
71.93
95.6
33.73
24.98
10.0
78.61
59.39
21.13
78.49
98.74
46.93
40.8
64.89
53.02
84.25
34.72
91.43
95.28
42.92
55.98
44.23
37.8
9.64
12.2
36.14
24.78
92.72
7.92
14.66
15.85
90.19
2.99
25.39
53.5
57.98
93.56
19.2
96.57
28.69
59.98
44.69
31.92
60.1
1.47
14.88
75.98
23.45
30.0
85.28
78.52
56.01
16.73
12.79
53.38
76.74
5.19
60.99
84.23
24.57
50.05
19.79
39.85
13.34
82.5
68.59
77.25
49.46
59.02
69.44
46.91
37.91
51.31
58.04
25.24
81.99
52.14
82.03
97.56
16.44
54.03
70.5
15.36
78.37
75.24
29.94
85.25
31.56
62.89
27.39
79.06
36.94
96.58
87.43
90.35
42.47
1.37
39.1
98.21
3.8
8.84
15.56
23.99
61.59
10.93
7.16
57.17
63.43
67.76
25.06
45.77
11.44
72.38
55.28
97.75
9.93
28.65
19.74
21.71
16.56
63.29
32.41
34.03
76.65
83.32
22.19
70.85
84.08
19.16
35.77
34.09
60.36
13.61
84.96
85.92
91.15
67.77
63.55
45.43
15.36
15.5
28.65
74.73
54.34
32.92
35.8
71.14
77.15
71.2
21.02
51.59
53.89
15.71
2.67
59.31
96.25
78.9
53.95
39.43
39.19
27.31
47.74
51.87
94.6
51.1
22.0
13.17
13.48
35.96
71.52
16.66
40.17
80.84
90.31
60.0
55.36
37.25
38.98
5.45
22.96
83.52
91.78
63.44
55.98
95.65
86.95
52.24
36.37
62.33
33.03
62.65
29.74
33.5
70.48
14.63
48.55
45.44
98.03
22.98
1.9
3.44
81.79
56.51
4.54
42.3
16.12
80.34
34.05
28.21
84.61
26.75
94.77
53.11
33.24
78.64
6.17
48.12
69.41
85.62
73.57
32.53
4.99
93.72
56.39
17.02
8.75
37.48
52.28
23.09
52.49
59.93
74.75
66.13
55.74
45.44
41.17
54.45
88.3
44.1
67.3
37.44
48.18
97.73
9.03
6.71
72.97
11.72
73.34
59.87
97.85
31.36
8.43
55.68
51.89
43.32
85.03
14.9
35.7
96.03
64.85
55.71
10.66
81.16
65.18
67.48
76.13
18.68
49.9
46.43
1.19
51.88
30.88
8.33
17.2
24.68
79.04
82.16
41.49
10.42
28.01
82.7
9.22
15.8
92.07
37.67
35.68
49.84
42.4
37.63
37.63
8.92
22.48
19.47
82.83
55.83
71.46
86.33
10.49
33.62
44.66
49.73
76.12
46.29
19.7
34.52
57.68
60.09
55.24
91.82
17.58
2.97
31.34
22.57
72.61
81.17
64.55
85.16
96.79
3.04
38.27
2.32
64.66
42.4
82.56
91.13
2.56
83.53
46.54
84.98
90.67
41.21
95.26
57.09
12.28
23.68
23.41
92.77
36.69
25.23
55.2
96.36
7.9
39.2
45.44
50.77
51.33
69.27
85.29
12.29
96.77
24.6
17.46
87.09
29.74
48.14
64.96
18.69
24.03
62.8
94.07
96.06
32.05
88.34
3.98
7.0
63.12
41.08
45.93
81.03
93.45
24.68
45.24
17.25
44.79
3.61
24.46
1.89
72.04
39.32
1.45
54.79
92.18
70.45
96.58
82.86
19.28
1.88
36.9
40.87
34.64
25.52
13.33
78.69
76.47
87.5
83.43
90.93
22.32
85.6
88.49
26.04
42.07
76.08
29.05
8.19
27.07
21.16
44.54
10.58
22.53
93.88
35.57
22.92
32.31
42.17
12.39
85.97
90.2
62.66
53.29
62.24
96.14
36.08
84.23
9.95
20.39
11.9
70.86
88.06
17.23
35.85
3.81
72.84
25.24
49.83
91.63
83.86
82.1
8.16
86.23
18.83
38.43
24.46
65.42
73.64
1.57
55.82
69.53
51.69
80.36
82.97
7.9
90.89
62.17
25.63
34.83
18.34
32.43
93.87
22.2
64.87
12.55
39.11
86.63
78.68
39.33
49.09
90.33
42.4
81.49
11.61
79.89
61.04
15.05
1.12
16.91
18.22
72.72
57.99
40.66
82.42
53.02
86.36
65.12
49.08
74.37
39.74
64.35
22.6
71.54
48.6
19.23
29.77
22.27
12.89
76.99
15.25
5.96
86.97
50.68
62.94
28.33
95.17
21.47
45.12
73.4
17.5
25.85
80.23
41.08
12.89
60.64
79.55
26.62
6.61
68.81
41.65
16.19
65.33
87.09
62.98
36.42
79.59
39.64
45.11
64.78
21.82
88.09
30.45
50.1
10.95
79.77
70.77
66.16
54.27
86.63
21.87
46.54
19.56
56.11
49.51
73.52
1.06
84.43
39.52
41.43
68.79
62.18
65.12
32.6
26.05
47.45
91.16
88.63
58.59
84.47
66.42
13.95
95.01
38.24
26.34
58.28
28.93
32.7
36.66
64.18
38.0
46.27
40.2
26.41
84.75
87.81
42.87
53.98
38.04
47.9
2.95
95.23
34.3
53.31
29.96
97.53
95.69
17.51
27.72
57.6
55.69
84.53
60.97
12.89
50.39
81.81
28.1
33.07
46.32
98.26
18.07
7.29
25.59
63.29
90.87
78.19
51.12
43.62
85.59
45.35
34.77
10.51
95.11
53.31
63.85
71.14
45.7
39.7
79.84
52.58
64.04
70.43
54.33
56.0
65.52
36.31
54.59
43.57
95.03
37.14
53.91
11.44
4.7
87.13
11.15
16.3
76.69
67.52
73.01
69.91
33.63
30.04
60.73
30.59
69.14
80.33
75.8
69.25
8.9
9.48
84.01
80.83
55.19
51.58
15.42
77.47
42.97
70.8
85.31
49.89
18.3
1.33
46.58
9.19
66.54
57.48
55.85
57.57
84.69
9.13
51.51
77.43
96.72
25.17
6.1
17.71
40.8
40.73
98.74
71.32
32.76
56.76
42.57
77.84
14.57
69.12
67.07
12.36
6.26
97.59
21.51
68.21
45.47
15.85
74.56
38.88
28.99
1.41
96.38
30.05
68.77
57.84
89.06
46.9
77.71
53.78
51.82
91.06
48.63
33.07
95.35
36.88
19.22
20.16
33.83
44.72
7.78
21.71
11.53
57.58
65.77
43.45
5.17
91.98
62.45
62.86
63.47
95.41
12.39
79.98
94.28
38.86
29.85
3.19
29.5
9.42
46.29
43.42
3.21
21.38
42.86
28.94
81.71
32.34
21.95
30.27
38.7
10.81
10.99
79.92
56.67
29.5
82.95
7.61
60.3
48.89
77.97
8.28
71.55
88.62
40.18
33.33
80.08
86.61
73.56
70.44
63.08
7.96
96.28
9.08
91.48
49.22
37.54
33.34
1.86
39.38
24.94
19.99
7.41
69.23
29.47
70.83
23.07
3.77
98.31
79.42
39.49
10.82
8.39
73.89
23.11
14.82
36.53
97.45
71.51
28.9
85.0
28.26
58.65
12.18
28.41
92.35
47.92
71.24
39.97
74.86
57.95
9.84
41.3
15.52
77.91
85.0
19.68
53.31
27.67
86.63
11.12
67.71
28.74
67.42
65.04
46.82
48.26
5.94
51.85
96.34
89.37
9.92
62.46
40.03
98.64
81.02
64.33
47.45
77.53
10.28
92.36
72.29
77.4
16.81
23.07
5.08
63.63
70.28
93.22
43.09
31.74
60.79
88.56
69.92
52.09
87.09
46.22
30.43
3.54
67.18
80.12
75.24
73.98
55.11
38.31
47.69
54.34
29.58
88.44
70.42
23.06
93.15
83.24
4.52
69.9
14.81
88.09
28.79
51.87
42.71
3.14
32.79
5.78
35.43
66.06
32.39
30.36
23.0
27.7
24.5
4.35
11.0
81.92
30.11
9.46
10.49
97.94
35.43
68.64
87.65
24.93
66.91
96.97
55.48
44.86
13.47
98.19
65.25
91.08
22.57
60.82
79.48
57.95
13.48
3.0
82.29
87.4
88.94
91.57
39.05
28.85
14.15
93.7
10.49
57.37
80.87
23.33
80.32
16.71
81.67
10.55
3.85
13.96
63.54
94.3
24.36
98.43
85.12
81.25
2.98
11.93
90.54
78.26
21.94
15.19
8.88
37.9
86.39
18.79
29.44
8.11
61.41
96.82
9.67
22.97
95.79
23.7
18.06
78.64
98.59
70.67
21.56
68.56
47.11
68.93
5.38
14.49
5.08
68.14
14.0
14.19
89.19
17.45
4.4
35.63
74.63
93.37
10.98
4.11
4.59
24.25
65.0
10.57
28.17
8.38
63.12
33.06
95.81
41.73
15.03
27.78
42.9
60.29
57.93
97.29
69.09
97.9
4.55
56.12
86.97
19.53
78.09
50.57
57.4
37.16
95.21
41.11
27.83
83.47
97.78
72.06
24.34
48.42
18.84
28.78
1.63
29.54
94.26
1.22
52.2
45.77
15.53
24.76
28.9
57.58
64.28
49.43
56.38
40.99
52.32
31.75
58.75
75.57
32.4
98.09
96.88
57.34
47.66
84.68
37.58
55.28
61.47
15.51
42.49
83.54
66.8
89.18
57.27
13.64
93.81
63.06
44.51
84.5
16.92
33.15
78.62
69.83
7.44
92.41
37.97
74.76
74.91
21.29
76.41
27.44
21.47
21.28
30.05
81.5
20.23
11.1
53.87
63.83
96.44
42.47
96.56
26.33
53.19
41.17
76.75
41.75
20.55
59.94
68.46
35.85
12.29
14.15
79.12
96.55
55.31
76.3
71.41
71.13
96.51
27.54
96.54
31.63
5.54
50.79
21.15
53.59
12.31
72.35
3.05
20.17
92.55
93.58
92.39
17.29
57.75
68.13
45.7
76.89
83.32
48.04
74.51
34.17
97.56
20.17
80.46
80.93
31.52
20.76
17.1
61.22
32.38
13.33
55.2
1.03
42.54
21.23
62.91
93.38
16.28
87.62
68.82
72.22
32.22
46.95
92.48
5.96
30.45
11.35
41.83
81.48
22.57
51.76
15.77
53.03
60.5
96.79
34.33
53.13
84.64
43.96
34.31
81.4
95.2
49.41
84.62
47.97
41.55
9.13
72.32
65.67
18.31
85.84
12.46
45.66
25.67
41.31
25.66
80.13
4.57
78.2
33.33
79.71
41.52
17.84
37.85
71.46
1.66
73.35
69.63
6.25
20.77
6.0
94.7
31.98
65.28
56.97
84.0
3.15
89.71
29.96
26.43
50.24
38.67
77.18
1.56
61.28
59.66
94.7
14.77
91.75
65.89
38.31
28.7
12.13
7.84
80.02
68.82
35.04
79.03
93.34
45.64
78.32
63.18
16.4
81.33
39.31
79.54
70.13
35.6
17.37
46.31
2.59
27.5
25.23
26.59
51.65
62.16
52.96
52.14
15.22
31.68
54.9
86.19
80.83
93.66
1.24
74.92
92.03
63.41
4.45
26.46
3.04
28.19
1.67
13.13
47.67
64.87
45.23
51.85
91.61
62.75
56.16
94.38
98.57
14.4
66.38
91.75
53.61
1.87
55.4
49.01
67.99
57.74
98.23
11.52
34.78
16.03
7.59
46.4
34.27
95.9
85.86
33.44
22.86
70.98
18.02
30.51
78.82
48.34
4.53
91.87
56.12
17.1
63.25
24.83
81.04
32.01
51.34
35.36
77.96
72.34
1.51
37.33
62.55
31.07
71.88
40.84
18.04
84.22
25.62
29.26
80.84
15.6
68.85
59.39
98.34
75.8
21.89
87.67
60.08
36.69
40.51
22.87
97.91
8.22
35.97
68.3
9.65
43.57
67.64
57.7
26.8
28.61
49.77
13.04
94.33
88.13
85.79
55.89
4.94
19.54
20.67
68.42
32.94
48.42
34.19
55.18
10.67
21.4
43.96
60.82
23.78
13.96
45.97
70.91
38.17
24.19
38.61
12.75
25.72
95.74
16.26
14.08
7.19
96.05
62.56
53.71
76.28
11.79
17.32
95.45
86.89
82.04
55.14
41.68
13.52
63.32
72.24
90.38
60.05
28.6
5.7
36.49
6.86
56.67
65.05
91.99
65.06
60.32
1.56
17.09
56.34
40.73
52.57
79.67
48.5
11.18
65.86
46.95
51.46
6.46
14.57
35.82
88.47
90.9
14.4
53.69
81.5
64.26
53.89
92.23
98.57
47.69
74.65
71.69
73.43
69.12
14.21
21.25
43.15
18.31
42.55
57.09
45.81
15.3
22.3
73.86
48.38
76.61
66.08
73.96
85.99
45.9
55.85
86.61
13.69
72.54
19.86
21.95
52.35
34.06
53.95
5.17
91.86
57.01
13.51
94.68
59.33
81.89
11.84
78.94
73.62
87.52
62.51
63.54
87.83
66.57
62.37
90.39
59.02
40.73
68.78
19.71
38.75
47.69
42.9
2.36
69.87
38.09
81.79
94.46
53.99
75.21
89.98
40.26
80.31
40.3
89.62
79.64
74.2
37.2
31.2
77.66
90.75
72.46
30.96
27.49
22.25
62.38
75.31
47.32
14.83
72.32
25.29
33.13
16.73
96.8
40.19
97.28
46.34
47.03
64.12
28.78
18.57
13.4
25.68
10.65
48.87
15.78
9.94
23.25
76.18
73.93
26.33
39.13
86.25
93.85
3.79
98.56
65.11
43.73
23.16
52.1
42.39
75.8
68.6
1.68
40.38
39.1
73.1
14.28
1.41
77.24
44.05
81.04
41.81
74.9
58.74
72.43
97.13
88.66
73.2
8.51
60.46
65.27
69.09
64.87
42.36
42.65
86.34
72.44
97.57
29.71
71.63
49.71
97.51
72.45
84.27
23.82
50.22
19.64
87.03
3.71
39.78
53.25
9.51
91.92
27.71
60.09
53.92
54.39
97.19
44.13
62.29
2.69
97.8
61.09
98.67
70.26
86.61
39.05
39.38
10.47
31.21
91.4
84.65
61.92
19.96
65.92
21.33
93.52
60.94
40.98
55.69
71.15
73.78
78.04
67.93
46.76
74.07
59.01
77.35
64.77
61.95
57.41
58.78
9.98
42.09
37.06
9.7
81.04
65.92
66.77
80.32
11.4
53.04
78.84
52.17
67.06
38.54
71.19
93.59
76.89
73.52
39.29
25.91
23.61
85.63
64.27
20.67
69.76
86.59
15.36
82.71
74.42
89.75
48.0
11.38
66.43
24.07
53.83
3.01
39.14
75.39
14.41
8.31
56.52
19.63
75.13
65.75
68.2
21.09
16.14
75.54
33.25
51.49
20.99
74.61
35.52
29.18
87.02
71.49
28.58
15.08
90.71
11.32
97.79
55.18
23.99
46.2
69.85
98.83
52.46
85.44
57.66
55.73
79.16
3.34
72.51
13.63
68.03
82.06
63.52
67.54
28.61
12.03
83.23
20.98
29.9
93.43
73.05
66.44
85.92
65.65
17.56
75.75
94.75
33.05
12.16
16.07
27.13
51.99
17.49
94.02
4.62
65.07
46.16
52.33
28.49
47.78
20.05
84.15
89.66
72.56
78.49
72.08
43.38
20.43
65.35
52.62
89.38
34.37
55.58
78.74
83.76
57.78
98.37
86.78
59.51
80.09
59.23
56.47
75.46
42.51
18.26
68.52
94.94
12.76
90.12
51.12
63.84
60.87
28.01
85.67
57.61
27.84
13.85
84.94
10.87
2.67
85.08
78.3
72.54
11.03
96.89
83.91
48.12
86.77
60.09
23.35
87.19
24.67
8.99
56.2
8.01
54.57
74.92
38.09
45.42
7.84
95.18
71.79
3.58
62.69
41.31
46.05
42.61
94.23
14.71
25.79
97.58
23.81
30.91
9.66
3.95
16.15
72.0
97.8
73.18
6.05
2.49
48.68
12.24
21.97
20.3
7.71
75.83
35.93
79.8
22.36
28.32
58.14
25.16
63.47
20.71
52.76
36.7
26.02
61.07
19.53
21.39
33.79
86.98
88.53
6.87
3.53
35.61
26.13
1.2
88.65
90.47
41.66
91.43
89.05
58.96
64.11
88.87
18.45
87.88
77.47
86.29
98.37
39.45
97.65
39.42
18.89
72.45
3.82
31.83
23.97
86.77
30.87
79.36
2.61
58.38
97.24
57.39
59.45
88.2
25.18
20.44
34.87
27.75
84.57
95.91
79.38
85.24
86.09
88.54
55.24
28.49
54.69
62.55
43.96
19.98
67.9
18.18
76.34
89.63
88.88
6.68
2.29
93.64
67.85
44.45
65.23
93.69
65.3
98.74
52.44
16.23
62.92
90.02
42.48
87.44
90.04
66.72
15.61
57.87
46.42
46.42
37.11
86.31
98.81
9.19
13.56
23.67
81.63
18.47
95.7
17.35
76.45
57.47
45.27
80.0
86.19
42.91
26.78
38.34
80.3
31.49
96.45
85.81
85.71
22.49
10.78
24.58
33.34
66.17
14.07
48.44
52.19
94.47
90.64
87.21
79.21
30.36
94.13
73.2
34.34
61.19
88.02
15.98
1.79
14.29
18.85
8.07
80.24
15.29
71.05
4.91
22.53
12.49
91.18
96.25
73.41
45.41
29.58
83.31
66.51
57.75
97.47
86.41
82.06
70.85
18.92
78.49
67.82
23.22
39.76
5.03
15.71
23.86
4.7
1.57
83.27
56.14
36.86
50.89
17.42
60.03
15.09
46.7
54.45
85.79
67.83
43.43
21.12
35.81
49.51
85.8
41.42
28.93
21.28
62.2
92.55
44.92
56.41
17.24
27.07
86.97
4.82
81.42
73.24
79.06
48.89
33.24
90.12
78.32
76.13
47.0
94.04
4.16
16.42
59.95
83.04
78.74
90.44
55.12
5.35
39.3
36.81
97.49
27.12
76.86
58.88
30.27
54.38
39.43
93.03
69.66
9.93
51.17
39.94
50.61
49.23
10.72
55.78
18.63
81.06
12.37
57.23
19.69
10.2
47.16
46.9
93.26
89.6
26.92
15.85
21.94
82.34
70.07
3.94
81.72
42.29
46.38
2.58
53.46
35.37
63.91
78.89
80.84
17.28
24.53
59.26
54.22
69.9
19.65
20.73
7.44
49.74
5.91
91.82
73.5
96.36
94.28
24.43
79.71
94.34
25.07
5.97
22.23
28.88
61.22
51.28
80.79
83.62
30.25
35.33
6.11
80.3
20.4
16.68
90.29
55.13
38.75
70.84
7.19
6.78
73.73
95.19
57.16
34.23
96.35
95.04
16.94
39.69
11.91
60.18
47.8
41.24
37.09
72.87
58.65
24.35
17.12
69.5
97.08
78.3
98.54
38.89
80.14
28.98
25.09
6.99
19.45
32.87
40.42
54.46
91.48
82.73
79.25
70.33
78.59
22.87
47.46
28.57
41.2
65.09
4.41
55.4
27.01
85.28
52.39
57.97
3.58
77.6
88.11
91.38
23.35
14.36
78.4
53.5
67.11
19.26
81.43
33.29
66.93
90.72
68.53
54.82
48.65
26.02
94.32
25.69
43.28
40.3
34.9
58.08
2.24
55.63
18.73
75.08
48.8
30.88
67.35
96.7
71.64
52.31
37.14
23.25
71.73
92.7
18.26
66.65
19.81
33.96
79.9
86.01
68.91
78.89
79.95
85.36
38.35
46.44
39.39
43.96
75.19
79.97
94.1
60.35
89.39
91.32
81.11
8.28
42.53
40.73
55.07
55.05
33.43
73.71
73.78
47.14
96.25
8.57
96.11
67.16
54.25
48.98
30.94
5.83
21.34
28.65
26.49
1.15
16.67
82.69
36.86
4.12
1.65
52.6
74.23
19.46
22.63
2.28
15.13
84.36
37.4
69.4
76.58
51.26
96.56
50.69
7.06
3.98
14.8
92.53
76.21
68.5
64.0
88.85
15.61
94.53
65.3
9.34
13.29
10.7
11.72
57.5
18.85
32.83
73.12
82.4
61.08
76.86
23.58
71.42
38.22
12.95
67.48
15.44
47.48
10.4
72.79
38.95
93.95
60.23
97.78
88.71
48.77
19.33
17.81
57.41
16.04
46.91
47.56
52.06
36.02
35.03
79.38
29.99
89.64
97.02
11.22
14.82
24.99
24.09
28.73
20.75
45.25
65.05
19.19
15.21
86.1
4.23
7.87
58.17
60.14
18.42
75.08
93.82
21.45
86.62
66.75
96.45
75.81
97.36
79.59
21.29
30.15
86.69
95.34
76.24
50.1
55.11
17.24
45.73
78.51
17.17
21.54
80.24
38.85
98.24
70.99
24.81
76.53
42.73
76.16
28.3
72.83
85.53
48.18
34.93
20.99
67.23
14.88
9.92
11.89
50.22
13.43
80.36
53.46
45.09
44.57
10.17
21.51
64.22
91.27
88.78
7.13
86.7
97.57
67.46
62.58
35.9
74.17
66.26
36.72
83.65
96.82
86.22
65.25
36.63
63.42
25.16
77.88
8.84
62.05
24.45
1.52
9.96
5.44
45.53
51.29
71.39
87.81
21.43
20.55
30.69
56.52
45.8
4.46
40.27
83.14
51.57
91.89
19.71
94.37
13.79
44.19
65.92
12.49
77.19
36.58
98.91
12.64
77.7
6.03
20.3
2.02
17.43
23.35
70.08
31.92
84.07
28.02
10.02
68.95
98.39
77.04
73.01
50.14
68.64
17.11
73.15
11.66
56.52
87.94
90.37
75.6
25.01
66.23
24.48
36.79
69.45
87.31
55.3
48.48
31.38
90.73
24.98
74.12
80.15
64.66
70.86
58.41
15.56
43.18
77.04
32.74
38.27
17.91
94.13
12.79
71.25
97.22
73.6
24.26
82.07
37.27
78.12
73.12
35.1
33.74
27.88
64.01
13.58
84.57
32.96
84.79
6.12
39.69
60.44
37.82
28.63
30.72
42.45
42.96
55.02
45.21
40.07
60.53
18.46
69.02
3.61
96.86
31.73
61.48
83.9
44.6
98.11
49.9
78.79
65.2
47.26
93.24
39.59
17.51
6.29
94.89
20.05
3.63
2.69
98.84
80.52
33.18
98.95
36.25
45.55
61.32
5.79
97.37
89.2
48.69
35.23
36.73
79.8
75.39
23.13
9.55
89.19
23.56
88.11
46.76
5.45
92.93
21.24
21.57
88.52
32.04
10.74
66.66
80.89
95.5
47.56
53.33
96.98
92.51
69.18
42.21
38.66
28.47
67.08
22.38
27.36
34.86
86.65
60.75
50.09
95.67
18.01
54.41
28.0
36.58
7.92
28.4
18.39
46.65
33.76
84.45
73.49
97.02
89.07
76.71
68.43
9.62
93.61
15.51
33.96
6.85
10.64
95.76
45.0
41.04
58.63
20.68
74.48
30.31
12.24
9.33
73.91
48.79
60.41
56.3
57.35
81.4
20.94
93.87
16.86
55.23
1.72
70.64
72.8
79.73
3.55
63.35
89.56
98.02
8.26
60.75
51.2
49.93
58.54
58.06
63.15
29.01
37.49
24.76
88.46
94.66
5.6
85.11
60.84
61.08
10.23
64.51
67.93
48.77
45.17
54.26
41.18
39.57
95.36
40.13
13.98
4.94
81.0
22.05
73.26
14.43
44.14
41.01
35.31
83.52
44.39
22.82
94.7
42.65
65.08
47.42
58.73
55.0
87.95
50.35
54.59
49.01
24.83
14.98
77.61
33.46
32.86
2.18
18.62
87.81
26.2
18.97
87.96
20.6
22.45
59.32
3.0
53.04
89.97
3.21
69.96
63.33
74.33
93.51
48.9
71.31
79.41
18.69
34.31
58.1
74.53
21.96
50.2
15.57
41.75
69.05
7.35
23.58
84.08
73.17
89.67
58.99
41.44
60.55
65.86
94.39
30.02
34.03
77.86
82.79
96.15
81.94
34.01
75.15
4.43
23.13
19.85
53.1
78.69
38.56
40.86
57.14
89.61
78.83
68.98
69.73
87.0
62.95
65.52
85.59
72.32
50.02
49.82
6.47
71.44
97.34
79.43
95.76
40.4
61.01
49.02
40.34
1.55
48.38
72.3
63.01
86.91
29.07
45.75
54.38
97.94
53.3
60.28
50.4
29.0
40.18
28.45
97.54
3.52
63.47
85.62
55.36
67.07
62.04
5.76
35.43
89.28
19.44
96.32
48.86
59.07
17.24
31.54
33.62
80.69
37.46
41.8
47.28
31.23
40.54
18.86
3.96
69.7
13.19
73.71
14.26
52.55
14.26
96.04
91.64
23.18
77.07
87.4
82.93
42.75
9.77
43.83
29.37
83.07
59.88
50.81
30.33
34.0
65.22
33.48
91.53
44.66
66.17
28.15
86.51
64.06
40.56
37.36
95.9
5.09
46.94
2.43
57.66
44.27
58.98
95.09
46.88
56.16
11.59
52.48
55.98
48.9
93.86
24.6
48.49
82.61
58.85
1.25
12.01
97.49
41.13
49.05
90.24
4.79
67.44
72.89
81.97
81.65
21.15
33.59
95.88
47.35
73.12
51.52
42.13
77.38
51.68
4.22
10.77
50.47
69.47
19.31
9.07
66.69
25.79
98.8
81.4
56.84
46.19
3.75
98.65
90.55
1.84
89.19
79.92
92.15
73.28
64.84
8.34
28.88
57.37
93.88
51.73
69.62
55.35
68.04
72.77
37.16
50.98
55.65
56.75
60.46
8.17
90.61
69.5
65.57
88.54
87.66
77.92
79.04
43.08
90.43
4.8
45.95
68.78
74.7
25.81
95.46
44.59
31.56
90.23
96.28
46.41
69.69
68.14
48.28
48.42
62.58
56.26
84.04
40.73
17.37
18.51
18.25
96.86
5.7
96.58
14.52
89.69
36.42
30.34
87.5
86.93
45.49
47.29
8.92
72.62
52.28
46.47
11.93
69.11
77.85
37.9
33.25
34.09
60.47
34.47
55.36
30.76
54.72
13.14
60.91
1.93
49.27
34.46
88.88
91.17
16.99
57.2
35.18
56.23
43.87
50.97
71.11
96.38
35.91
34.45
56.94
41.64
57.89
5.81
58.12
70.42
4.4
41.07
19.68
6.0
39.29
35.03
95.72
89.31
3.25
8.68
31.6
67.31
45.12
65.26
71.57
70.88
84.91
73.85
50.33
9.99
4.62
82.84
65.39
94.14
49.25
98.49
81.48
74.89
41.03
86.74
20.48
47.95
35.68
91.89
24.33
18.4
86.99
84.0
36.36
76.7
58.29
95.94
68.65
15.7
87.65
36.91
67.83
34.84
84.89
20.74
53.07
1.37
76.52
41.22
46.51
54.03
61.25
81.71
8.39
64.16
45.45
74.34
59.71
71.11
30.99
42.85
91.92
34.28
77.12
22.81
19.86
67.24
46.53
4.66
22.63
54.15
98.84
74.89
41.44
6.71
89.09
49.7
73.49
59.11
64.14
95.02
6.13
65.9
43.29
88.04
6.41
91.93
60.36
90.75
5.23
68.49
54.04
83.15
56.8
52.12
33.66
67.76
67.63
16.9
79.63
53.97
30.27
82.62
38.25
44.93
68.54
47.13
32.49
14.72
28.44
19.79
15.21
92.03
19.0
21.5
57.33
31.46
5.37
67.33
25.11
74.02
15.68
5.29
58.57
72.57
42.96
40.48
95.31
87.58
60.09
21.71
31.95
23.47
15.52
14.75
65.6
21.15
8.64
3.61
50.39
54.19
35.48
30.25
40.62
55.14
27.49
24.49
96.13
7.17
68.48
80.18
18.17
8.63
75.91
19.49
71.62
7.54
2.01
33.6
56.7
90.95
62.58
30.18
26.61
38.27
5.52
53.68
87.27
23.36
34.52
79.82
96.3
55.49
98.4
51.06
82.64
3.19
92.96
96.27
33.89
14.67
74.62
71.84
77.72
40.1
45.91
44.6
81.72
17.88
32.23
57.44
43.32
71.76
29.78
74.74
36.27
97.56
27.15
17.07
23.46
60.41
15.33
24.42
59.72
45.56
56.18
97.64
18.86
20.1
17.77
16.68
23.85
91.24
44.01
71.35
60.8
58.34
91.35
16.15
80.9
25.88
7.49
23.32
92.42
46.56
73.9
87.11
53.48
34.85
77.91
41.94
92.15
86.88
49.86
78.2
37.71
48.42
54.94
92.79
45.24
56.16
2.79
48.77
42.58
51.87
17.34
93.65
88.44
81.24
44.45
26.51
92.3
27.99
74.11
15.67
24.8
47.34
93.96
63.53
5.09
31.32
93.89
85.1
79.46
10.04
67.66
63.1
50.21
58.38
55.94
11.36
30.58
42.83
66.31
31.39
44.05
1.3
66.41
36.95
56.0
92.81
5.63
51.3
12.35
12.46
75.57
64.58
85.19
1.15
55.58
32.59
44.13
95.23
51.01
14.23
48.13
90.75
2.77
75.37
12.57
37.68
51.53
9.72
51.58
51.72
83.62
7.1
84.71
84.02
55.18
7.42
79.76
71.31
7.15
67.39
22.95
53.01
23.52
66.14
81.45
11.41
45.49
88.7
55.15
37.76
80.59
94.54
94.2
87.26
36.43
3.31
29.05
73.34
87.88
28.91
10.01
75.53
95.1
57.26
5.94
16.86
3.04
25.07
45.58
98.45
46.29
22.12
57.03
8.89
5.79
96.15
39.24
87.12
63.93
50.82
60.55
15.23
27.49
30.24
60.95
4.54
29.69
23.23
96.12
86.88
42.19
22.58
63.03
7.16
50.83
95.53
20.55
8.91
55.26
41.94
34.03
89.08
37.71
87.13
54.11
66.29
88.44
51.8
20.9
71.87
32.86
4.5
63.9
33.59
90.42
37.25
60.95
33.0
44.14
5.34
98.65
12.62
20.52
61.01
13.78
83.23
90.61
55.6
53.8
71.14
13.72
68.17
20.83
48.29
90.24
4.64
45.71
95.06
37.59
5.83
10.32
86.07
38.98
77.97
41.83
65.67
14.36
95.4
94.37
56.97
22.34
56.75
84.04
51.54
67.44
57.39
27.15
80.95
29.37
38.72
97.87
13.16
69.38
50.46
4.85
43.35
20.78
67.75
30.88
69.57
28.78
11.42
39.31
7.35
72.04
34.66
11.94
8.74
29.64
56.95
45.22
1.73
36.56
16.69
1.52
44.69
27.48
77.12
30.39
50.43
6.12
9.44
90.88
3.53
47.87
98.58
98.63
59.06
59.23
87.52
26.4
13.82
74.91
10.52
63.39
37.26
34.25
98.1
82.8
51.41
3.69
98.95
42.78
82.5
6.97
48.53
64.07
49.98
86.76
80.52
70.65
14.55
60.06
92.51
4.58
8.67
42.26
91.69
31.89
92.55
69.44
2.74
47.59
68.16
13.88
25.4
95.25
43.49
35.69
9.18
87.79
30.07
14.56
63.62
56.9
62.76
91.19
52.15
32.87
47.96
21.74
56.58
47.83
77.73
88.45
81.02
14.3
45.83
94.43
11.72
72.66
6.41
77.53
14.35
61.79
74.09
3.79
27.32
25.73
60.67
29.75
29.97
46.53
90.61
80.51
51.5
60.04
17.2
75.61
66.01
19.9
21.54
96.47
55.45
77.16
49.28
54.02
46.65
27.8
10.66
9.48
28.1
98.03
95.28
39.02
21.75
14.91
17.34
3.42
76.35
60.69
49.7
93.22
7.36
61.56
33.16
84.17
59.18
19.54
11.92
67.18
7.7
49.32
73.95
55.31
1.74
86.99
14.64
65.8
47.18
44.67
87.49
17.65
93.74
94.55
40.71
10.03
78.91
56.45
55.05
41.16
27.73
17.28
62.02
34.07
79.59
31.71
23.32
63.17
37.88
92.52
34.81
79.66
7.28
86.89
43.43
42.62
70.9
33.11
12.75
91.06
76.03
4.14
35.79
89.83
52.46
9.05
20.16
51.79
7.72
31.0
10.05
13.37
44.38
47.61
60.58
78.95
24.78
74.54
95.89
58.96
22.56
22.55
67.49
1.34
15.86
1.98
38.45
81.32
40.21
16.64
59.4
67.6
39.77
35.72
97.97
11.49
12.9
24.6
11.23
88.27
67.86
60.93
54.43
92.16
26.99
98.34
17.21
27.61
58.55
41.6
92.39
40.87
89.98
27.28
95.86
22.28
10.71
53.12
98.02
24.91
23.4
41.39
40.52
57.86
54.58
96.29
7.44
36.92
11.41
59.2
36.11
25.42
96.03
9.42
96.08
60.52
56.47
76.51
15.25
34.07
59.22
61.55
53.36
45.13
38.61
2.89
35.77
70.66
30.39
1.07
23.56
25.42
61.59
84.18
53.31
64.93
67.09
17.83
17.1
43.61
65.5
6.71
35.54
23.13
54.38
37.03
67.17
32.48
4.21
64.66
73.66
74.68
84.81
92.58
25.05
11.04
64.37
1.45
69.81
43.13
92.9
81.07
72.79
51.83
24.02
73.0
3.37
35.39
32.15
86.74
78.58
55.89
17.63
9.62
96.66
3.75
54.25
98.0
39.38
16.58
29.22
66.42
94.89
40.45
87.68
44.52
24.41
54.18
87.03
37.3
30.65
3.28
45.15
68.43
86.07
1.38
82.8
55.94
10.36
60.03
35.21
85.13
36.6
6.85
5.76
18.05
34.22
67.51
31.5
71.07
81.93
77.41
10.29
61.32
90.24
54.25
61.98
30.98
82.35
95.19
18.32
97.43
24.28
39.19
55.95
28.53
31.62
38.0
6.75
3.04
98.52
39.64
81.33
59.93
69.23
19.09
18.22
22.72
14.88
65.16
20.92
82.92
83.7
23.05
66.06
18.01
26.72
55.07
80.38
11.51
21.62
2.45
29.43
42.79
59.82
82.41
65.92
33.69
71.3
96.43
16.1
71.49
89.7
94.31
18.97
2.88
14.26
86.84
34.79
89.36
84.34
42.15
50.4
36.22
90.58
79.92
31.81
84.86
95.63
10.77
28.54
8.92
78.53
9.97
66.01
52.72
57.7
73.82
58.92
97.38
8.36
10.54
55.37
33.55
67.69
50.22
5.73
81.02
97.15
59.41
76.39
81.63
15.99
22.27
7.03
33.56
70.67
36.03
93.26
81.44
55.59
7.37
98.69
28.01
24.97
90.25
44.92
97.28
94.92
42.11
72.34
37.76
34.43
72.11
92.21
20.88
46.42
95.45
88.3
61.71
23.72
95.5
30.8
3.89
79.36
70.58
44.0
61.57
75.58
51.54
20.28
11.4
88.33
9.68
65.23
95.16
6.55
82.64
20.38
83.27
32.16
53.83
72.32
29.42
13.3
10.75
58.57
46.14
72.19
26.96
47.33
36.16
79.11
10.98
29.48
5.49
36.17
10.58
48.42
51.66
4.01
24.43
17.83
50.96
42.9
95.3
58.73
77.52
26.36
35.68
35.51
15.55
80.49
58.09
31.09
9.03
97.92
4.09
66.09
56.11
